20
1078 5052 143 146 1000000 857 568 15 20 2 7
6 10 3 2 2 0 0 5 4 3 2
39491 39608 20414 20014 3 22564 17425 7 17 95 40
39078 39880 20882 20735 3 22243 24336 53 36 6 40
16 18 5 1 5 10 8 21 27 29 87
490 844 318 332 275 241 434 79 99 34 80
196 827 117 730 108 131 477 41 72 11 66
8497 2343 94 193 1000000 5999 1852 70 15 92 16
1163 9027 94 86 1000000 1054 6993 92 90 59 19
4 4 2 2 1 0 2 1 2 3 4
35277 38250 2 199 1349 28136 16549 49 90 40 96
4 4 1 1 3 1 1 2 2 2 2
36478 39536 170 1 1442 22516 31242 4 70 37 6
4718 7077 134 115 1000000 3964 4597 7 20 29 77
28557 13495 1138 1991 385 23252 10801 56 19 77 36
703 687 125 343 321 68 78 38 8 2 66
6503 8478 146 197 1000000 332 8138 33 8 90 43
20133 29990 1305 1623 603 7664 19517 81 90 36 9
39954 39461 443 17 1000000 34349 36388 60 98 69 44
39843 39881 20522 20114 3 11897 5279 74 89 96 58
